MongoDB shell version v3.6.2
connecting to: mongodb://127.0.0.1:27017
MongoDB server version: 3.6.2
switched to db w18_cs601r_ks
93
bye

SUCCESSFUL DAY DURATION DATA
35
55
70
83
194
148
804
336
315
993
418
497
452
2082
2218
927
854
896
725
2727
3582
1537
1242
1348
2679
1344
1404
2605
2802
53079
6460
3714
2684
1745
3875
1620
1183
954
824
3288
804
820
600
639
5009
877
517
334
344
742
293
251
242
212
274
215
211
237
445
6223
284
104
59
42
49
49
39
29
25
43
43
36
21
20
33
31
21
19
16
27
20
20
18
19
18
25
18
36
137
425
138
5

FAILED DAY DURATION DATA
57
74
124
113
254
158
838
253
225
1088
266
397
345
1766
2642
571
557
652
522
3332
2543
924
819
957
2839
1029
1250
2243
2738
95399
5264
2753
2386
1465
4744
1397
1096
954
858
5306
791
911
629
737
10232
929
578
497
434
1451
440
393
357
357
516
434
426
570
1137
21746
405
121
65
41
56
58
30
32
32
55
39
38
28
23
48
44
24
30
19
32
29
26
29
28
38
34
43
69
241
875
307
17
